0 51 66 59 56 79 75 73 74 38 78 59 84 28
51 0 54 82 69 52 81 38 63 46 43 60 63 49
66 54 0 25 49 26 81 68 58 23 46 80 56 73
59 82 25 0 72 40 47 45 51 61 17 29 28 64
56 69 49 72 0 71 39 34 41 45 70 73 56 32
79 52 26 40 71 0 73 19 50 13 66 67 38 34
75 81 81 47 39 73 0 46 73 73 63 43 53 75
73 38 68 45 34 19 46 0 39 43 54 10 41 94
74 63 58 51 41 50 73 39 0 60 45 51 53 58
38 46 23 61 45 13 73 43 60 0 79 87 53 37
78 43 46 17 70 66 63 54 45 79 0 73 43 69
59 60 80 29 73 67 43 10 51 87 73 0 69 35
84 63 56 28 56 38 53 41 53 53 43 69 0 41
28 49 73 64 32 34 75 94 58 37 69 35 41 0
