0 59 57 63 53 56 60 14 26 46 84 55 83 40 75 88
59 0 65 53 36 58 18 24 30 76 41 6 52 26 32 49
57 65 0 54 71 24 29 30 58 34 40 51 48 82 57 50
63 53 54 0 44 41 65 57 76 17 30 75 47 65 69 51
53 36 71 44 0 39 67 40 33 64 23 60 52 50 84 34
56 58 24 41 39 0 71 77 47 68 36 30 68 33 59 86
60 18 29 65 67 71 0 51 28 4 68 28 69 61 56 19
14 24 30 57 40 77 51 0 21 59 8 65 32 52 18 50
26 30 58 76 33 47 28 21 0 83 28 34 85 61 68 79
46 76 34 17 64 68 4 59 83 0 49 14 32 71 56 21
84 41 40 30 23 36 68 8 28 49 0 21 72 67 73 75
55 6 51 75 60 30 28 65 34 14 21 0 84 27 64 44
83 52 48 47 52 68 69 32 85 32 72 84 0 33 25 48
40 26 82 65 50 33 61 52 61 71 67 27 33 0 46 31
75 32 57 69 84 59 56 18 68 56 73 64 25 46 0 42
88 49 50 51 34 86 19 50 79 21 75 44 48 31 42 0
